  0.186093390    
  0.311298549    
  0.244586229    
  0.581577301    
  0.971931696    
  0.976235449    
  0.153443635    
  0.938942313    
  0.681328654    
  0.418449223    
  0.610347867    
  0.456722856    
  0.217353582    
  0.915069282    
  0.484133840    
  0.215354085    
  0.656476438    
  0.925282061    
  0.752340615    
  0.269442320    
  0.366400361    
  0.443108797    
  0.809185266    
  0.650974452    
  0.284167171    
  0.322220266    
  0.603019774    
  0.421502471    
  0.466295063    
  0.355239272    
  0.930139661    
  0.881930888    
  0.102806211    
   3.15355062E-02
  0.444793403    
  0.630938649    
  0.107765675    
  0.120691717    
  0.468277395    
  0.848834395    
  0.787893832    
  0.238424063    
  0.219046831    
  0.635218740    
  0.882026553    
  0.843276381    
  0.873245299    
  0.528934062    
  0.414725304    
  0.942682743    
  0.525625765    
  0.959247231    
  0.133167922    
   9.05185938E-03
  0.713933885    
  0.882491827    
  0.338459313    
  0.739723086    
  0.281449318    
  0.564260423    
  0.414902389    
  0.224247694    
  0.117419004    
  0.440075099    
  0.243633568    
  0.327665985    
   2.03801990E-02
  0.776764452    
  0.515561461    
  0.584206104    
  0.443237722    
  0.855230749    
  0.371199846    
  0.985811293    
  0.677690804    
  0.518337607    
  0.213260233    
   5.34458756E-02
  0.805894136    
  0.682638526    
   7.36858845E-02
  0.346021354    
  0.148663461    
  0.919406950    
  0.804871142    
  0.949649453    
  0.426320612    
  0.563807905    
  0.171555519    
  0.811583579    
  0.123735547    
  0.486520708    
  0.783683956    
  0.483587027    
   8.96031260E-02
  0.253205121    
  0.564472914    
  0.433218777    
  0.815234482    
  0.945201933    
  0.620445967    
  0.552949607    
  0.525426507    
  0.325707316    
  0.965459526    
  0.880525410    
  0.846333623    
  0.384823978    
  0.774950922    
  0.998268962    
  0.655088782    
  0.541947067    
  0.374984622    
  0.795667410    
   4.86286879E-02
  0.819824457    
  0.852660775    
  0.969350755    
   2.68338919E-02
  0.411660135    
  0.230058551    
  0.658676922    
  0.741222560    
  0.244433999    
  0.133931696    
   2.18369961E-02
  0.343706906    
  0.979535520    
  0.398301005    
  0.194495022    
  0.387248278    
  0.195790112    
   6.37132525E-02
  0.686451912    
  0.853567600    
  0.687128663    
   4.24671173E-02
  0.817555308    
  0.831779242    
  0.138144433    
  0.484840155    
  0.784769654    
   3.83320451E-02
  0.267322779    
  0.694555223    
  0.636850953    
  0.413230956    
  0.212186277    
  0.373011947    
  0.635859609    
  0.560220659    
  0.985613108    
  0.195511580    
  0.583542705    
  0.991984189    
  0.371987939    
  0.711682916    
  0.381099105    
  0.524581075    
  0.168355882    
  0.947827756    
  0.657238424    
   3.68702412E-02
  0.904291153    
  0.392415345    
  0.501959980    
  0.438933134    
  0.165652156    
  0.423768759    
  0.575136364    
  0.212120235    
  0.213688970    
  0.323383033    
  0.694487929    
   3.87643576E-02
  0.624582708    
  0.524713814    
  0.426296592    
  0.253122330    
  0.929513693    
  0.395027161    
  0.861967862    
  0.375740111    
  0.299360991    
  0.510548472    
  0.612007022    
  0.338229001    
  0.609042645    
  0.672453284    
  0.811776817    
  0.993588269    
  0.186027229    
  0.192506671    
  0.510716081    
  0.453022778    
  0.393071353    
  0.490555227    
  0.864276171    
  0.255391836    
  0.414874017    
  0.323754311    
  0.448741436    
  0.152660489    
  0.968062758    
  0.826555073    
   4.34056520E-02
  0.617641866    
   4.91636395E-02
  0.681179106    
   2.14896202E-02
  0.329305768    
  0.156663418    
  0.820679069    
  0.313390136    
  0.887371063    
  0.618528485    
  0.607577741    
   5.09830117E-02
  0.132664740    
  0.904969573    
  0.271794736    
  0.620258570    
  0.511412203    
  0.950747371    
  0.403522134    
  0.432998538    
  0.252433956    
  0.547792137    
  0.717243195    
  0.896186113    
  0.808235228    
  0.140813589    
  0.778725445    
  0.423250675    
  0.109672725    
  0.662540019    
  0.117595851    
  0.650604546    
  0.332062066    
  0.354119182    
  0.661126375    
  0.587503016    
  0.731822133    
  0.973225534    
  0.292458177    
  0.941053152    
  0.294344902    
  0.557487965    
  0.231016517    
  0.812820196    
  0.584483087    
  0.491098166    
   4.55115438E-02
  0.700933218    
  0.858042061    
  0.260254085    
  0.513403594    
  0.843842924    
  0.781822324    
  0.965092480    
   9.36782956E-02
  0.230130732    
  0.756016314    
  0.325323164    
  0.722276032    
  0.412939727    
  0.342736959    
  0.178505898    
   3.66880894E-02
  0.315837264    
  0.778646827    
  0.897768795    
  0.190238595    
  0.968274951    
  0.716876447    
  0.416867197    
  0.814238906    
  0.951548815    
  0.549401879    
  0.155777276    
  0.198014438    
  0.960744739    
  0.286851704    
  0.333867967    
  0.581388652    
  0.938262939    
   3.30342650E-02
  0.968662858    
  0.250309587    
  0.145146966    
  0.181046724    
  0.338132918    
  0.503676116    
  0.288052082    
  0.125509262    
  0.357045174    
  0.279108644    
  0.312579095    
  0.421352506    
  0.561473012    
  0.594392121    
  0.421956837    
  0.942475438    
  0.317193449    
  0.418110669    
  0.194234729    
  0.876759946    
   4.85591292E-02
  0.993241727    
  0.648663163    
  0.451007485    
  0.651869237    
   6.15830421E-02
  0.124903738    
  0.633614779    
  0.887387097    
  0.787334800    
  0.793533564    
  0.441413105    
  0.339003921    
  0.988907576    
  0.612861872    
  0.574152172    
  0.235405803    
  0.401449621    
  0.852632523    
  0.779494941    
  0.807058632    
  0.293360114    
  0.974190116    
  0.425902009    
  0.945560098    
  0.897947669    
  0.893273234    
  0.733994007    
  0.644173205    
   9.67442393E-02
  0.486591041    
  0.276465833    
  0.894455254    
  0.913007021    
  0.116912365    
  0.403496444    
  0.710545957    
  0.739450812    
  0.565087080    
  0.946592569    
  0.791722178    
  0.324070394    
  0.890270352    
  0.195637524    
  0.750789285    
  0.469679177    
  0.168494999    
  0.477379680    
  0.878865123    
  0.119835913    
  0.610675752    
  0.887754917    
  0.939559340    
  0.596942902    
  0.508912504    
  0.477013171    
  0.655543566    
  0.528609335    
  0.242877066    
  0.766003370    
  0.354407966    
  0.303117990    
  0.303251386    
  0.686170697    
  0.819253325    
  0.681843817    
  0.556972504    
  0.158262372    
  0.659947515    
  0.506589413    
  0.179420352    
  0.744616747    
  0.395278156    
   5.82850575E-02
  0.557285428    
  0.968705714    
  0.828991652    
  0.456487834    
  0.834546864    
  0.749616563    
  0.832920969    
  0.636596918    
  0.497742414    
  0.105336487    
  0.240159810    
  0.721742570    
   9.40151811E-02
  0.906622469    
   5.00830412E-02
   5.39361835E-02
  0.502658486    
  0.233835280    
  0.736220300    
  0.574323416    
  0.903115749    
  0.325475156    
  0.874601662    
  0.148264229    
  0.657110810    
  0.553157687    
  0.202500582    
  0.994936347    
  0.819170654    
  0.921171904    
  0.690408707    
  0.477392375    
  0.467662930    
  0.432030082    
  0.921365440    
  0.237875879    
   3.72658968E-02
  0.739097476    
  0.839805782    
  0.421999097    
  0.103361487    
  0.387876809    
  0.731435597    
  0.484317422    
  0.305932224    
  0.881521642    
  0.359636128    
  0.544079304    
   1.14797354E-02
   7.54940510E-02
  0.394068360    
  0.715328157    
  0.930579901    
  0.457093894    
  0.774474978    
  0.835298300    
  0.359914601    
  0.758650601    
  0.470473886    
  0.828107953    
  0.749065459    
  0.109626591    
  0.200474620    
  0.240717769    
  0.470873535    
  0.680792928    
  0.112830043    
  0.682595015    
  0.658111691    
  0.784323931    
  0.420916796    
  0.798094630    
  0.681426585    
  0.400946796    
   3.64750028E-02
  0.581068516    
  0.154832006    
  0.886360228    
  0.523509204    
  0.294998348    
  0.349240661    
   7.60908127E-02
  0.748602211    
  0.415361166    
  0.195310712    
  0.647460222    
  0.325425684    
  0.577978849    
  0.517001987    
  0.315532207    
  0.535282791    
  0.734372199    
  0.187927127    
  0.858671963    
  0.893935144    
   4.29891348E-02
  0.274859548    
  0.202857852    
  0.280923665    
  0.308399022    
  0.661407650    
  0.989317477    
  0.876830697    
   6.38706088E-02
  0.974156141    
  0.909553945    
  0.281425238    
  0.828774571    
  0.664818883    
   1.48788095E-02
  0.945904016    
  0.129971921    
   1.67787075E-02
  0.820448816    
  0.970445633    
  0.966268957    
   7.47631192E-02
  0.653990328    
  0.782447398    
  0.863391399    
  0.784289956    
   2.73977518E-02
   4.14062738E-02
  0.327757359    
  0.476460993    
  0.652919888    
  0.397946537    
  0.574747086    
  0.725456476    
  0.839893103    
  0.292497218    
   4.91967201E-02
   6.34531379E-02
  0.848614216    
  0.898130000    
  0.665730298    
  0.534100592    
  0.161864221    
  0.884865642    
  0.931745648    
  0.621449530    
  0.256160557    
  0.423400700    
  0.558896005    
  0.214832425    
  0.339254498    
  0.789748609    
  0.472425520    
  0.606584966    
  0.239463151    
  0.670408130    
  0.754714131    
  0.242178142    
  0.131719768    
  0.793711305    
   6.67393804E-02
   2.00253725E-02
  0.496520936    
  0.727807522    
  0.133485019    
  0.458441198    
  0.903914511    
  0.836698234    
  0.569167316    
   9.01409984E-02
  0.952830255    
  0.361711502    
  0.853620410    
  0.434531689    
  0.373697519    
  0.516439557    
  0.801540136    
  0.571131885    
  0.240550876    
  0.848361194    
  0.988334656    
  0.374160886    
  0.286745727    
  0.449617982    
  0.400713086    
  0.326919794    
  0.735682070    
  0.463755131    
  0.653519094    
  0.801211298    
  0.136757970    
  0.358177483    
  0.414528191    
  0.712745726    
  0.206415296    
   3.06307673E-02
  0.132861733    
  0.645416558    
   5.42763472E-02
  0.588158727    
  0.451991737    
  0.900392294    
   6.58862591E-02
  0.886290908    
  0.737632096    
  0.728996515    
  0.108639300    
  0.730766296    
  0.729013205    
   6.38334155E-02
  0.199305892    
  0.725732028    
  0.901080787    
  0.735561490    
  0.166936755    
  0.560215473    
  0.202374279    
  0.447178543    
  0.546766400    
  0.298381448    
  0.292219579    
   9.87610817E-02
  0.951826334    
  0.916520178    
  0.821141779    
  0.549735129    
  0.182614923    
   9.98902321E-02
  0.562509000    
  0.448649108    
  0.806610286    
   7.64625669E-02
  0.995822430    
  0.759813309    
  0.406853795    
  0.269597530    
   2.87891030E-02
  0.939113498    
  0.297827363    
  0.744122267    
  0.753773451    
  0.755250335    
   3.13725471E-02
  0.392059207    
  0.606190324    
  0.393027961    
  0.235794723    
  0.147253156    
  0.841144681    
  0.632664919    
  0.872422516    
   7.04454780E-02
  0.611049116    
  0.204163551    
  0.744123280    
  0.704367042    
  0.859068453    
  0.443277657    
  0.722742140    
  0.771128237    
  0.289814293    
  0.937112927    
  0.878725290    
  0.951667845    
  0.233998537    
  0.533246875    
  0.837233722    
  0.657318413    
  0.239883661    
  0.332275093    
  0.509606302    
  0.279395401    
  0.302883267    
  0.221740425    
  0.513073981    
   6.57063127E-02
  0.159844458    
  0.598811746    
  0.869082987    
  0.295109272    
   6.00037575E-02
  0.495072007    
  0.691893399    
  0.337235451    
  0.175457895    
  0.703615129    
   9.43694711E-02
  0.784016252    
  0.888032973    
  0.470439494    
  0.902419150    
  0.684376359    
  0.378339291    
  0.338248551    
  0.102427185    
  0.837680340    
  0.138986588    
  0.886347294    
  0.681233585    
  0.933850646    
  0.316744745    
  0.778106809    
  0.713925242    
  0.934806228    
  0.872193694    
  0.164939225    
  0.334539652    
  0.566600204    
  0.935198724    
  0.198607147    
  0.713621199    
  0.618246615    
  0.781963110    
  0.960897982    
  0.586083889    
  0.979718328    
  0.143512189    
  0.761350453    
  0.806518078    
   7.96333551E-02
  0.994204879    
  0.538795054    
  0.307934225    
  0.974759638    
   4.82757688E-02
   5.86982369E-02
  0.719248950    
  0.174239874    
  0.543815434    
  0.774699807    
  0.116478682    
  0.244486034    
  0.139654934    
  0.264648199    
  0.175989211    
  0.929227233    
  0.980229497    
  0.937553108    
  0.810081422    
  0.731500506    
   6.43680692E-02
  0.617250204    
  0.817491770    
   3.20632458E-02
  0.275253654    
  0.187023938    
  0.145226300    
   4.51073050E-02
  0.984757245    
  0.880632758    
   6.30584955E-02
  0.537225366    
  0.942799926    
  0.290398180    
  0.904645681    
  0.589345932    
  0.422115922    
  0.740841925    
  0.332215726    
   5.23757935E-02
  0.984019578    
  0.935736418    
   4.41033244E-02
  0.408935249    
  0.730704367    
  0.764096260    
  0.206959128    
  0.781157613    
  0.170866787    
  0.465712011    
  0.259110868    
  0.801120818    
  0.657447159    
  0.223694563    
  0.562432408    
  0.257698655    
  0.207698762    
   4.81176376E-02
  0.603757560    
  0.767173529    
  0.533001721    
  0.879675388    
   5.12341857E-02
  0.602869689    
   8.90445709E-02
  0.909753144    
  0.884354234    
  0.183089256    
  0.573750794    
  0.416062355    
  0.599366248    
  0.612818837    
  0.354043961    
  0.226579428    
  0.503902912    
  0.945633054    
  0.206676543    
  0.776484489    
  0.990104854    
  0.947335303    
  0.130491316    
  0.878302932    
  0.717409670    
  0.142322361    
  0.495465517    
  0.952448726    
  0.619383633    
  0.493908346    
  0.625833333    
  0.742009878    
  0.342342734    
  0.674988508    
  0.254786074    
  0.105092227    
  0.646012723    
  0.187417030    
  0.670849085    
  0.447759032    
  0.640858412    
  0.385226071    
  0.194378197    
  0.107061446    
  0.571219146    
   7.32148886E-02
   5.50147295E-02
  0.274719954    
  0.445154428    
  0.490171254    
  0.421855688    
  0.178366899    
  0.320070148    
  0.222080827    
  0.173964322    
   7.53239989E-02
  0.696628451    
  0.324122906    
  0.934119701    
  0.738791585    
  0.440568507    
  0.874148130    
  0.773708344    
  0.112946808    
  0.698913574    
  0.624873996    
  0.220223367    
   2.05206871E-02
  0.625630319    
  0.175555468    
  0.666135371    
  0.760112286    
  0.598648608    
  0.466245592    
  0.145830691    
  0.193658113    
  0.285555959    
   9.20558572E-02
  0.143689275    
  0.250720382    
  0.717118740    
  0.515457690    
  0.318531454    
  0.562074244    
  0.803974688    
  0.808274686    
  0.459098577    
   6.97898865E-03
  0.794214845    
  0.645862699    
  0.738740504    
  0.986998439    
  0.631752133    
  0.617092967    
  0.147013128    
  0.345929086    
  0.813142180    
  0.134625554    
  0.289803743    
  0.128692687    
  0.334697962    
  0.933404565    
  0.390984654    
  0.434763253    
  0.984079242    
  0.978555679    
  0.181809843    
  0.865535736    
   9.01306868E-02
  0.840451241    
  0.259429336    
  0.648933232    
  0.907307029    
  0.175321341    
  0.844308734    
  0.910853565    
  0.936433613    
  0.162607372    
  0.846883178    
  0.323148251    
   4.16077971E-02
  0.191016436    
  0.313731551    
   1.13983154E-02
  0.779782951    
  0.802416027    
   5.58081865E-02
  0.916962326    
  0.223414838    
  0.359183967    
  0.796484351    
  0.711507499    
  0.163624108    
  0.319293439    
  0.311890900    
  0.141948998    
  0.300423384    
  0.671625078    
  0.933135092    
  0.799523473    
  0.839425862    
  0.944772601    
  0.700653493    
  0.259014904    
  0.755803049    
  0.177931845    
  0.375988841    
  0.483988106    
  0.908460438    
  0.663181901    
  0.301351666    
  0.994517386    
  0.761129558    
  0.247994721    
  0.577108085    
  0.225005090    
   8.67329240E-02
  0.872149825    
  0.493162632    
  0.329153538    
   1.46095753E-02
  0.862267375    
   1.00488663E-02
   9.37843323E-02
  0.293334067    
  0.842669964    
  0.887484729    
  0.244516313    
  0.941168189    
  0.295854747    
  0.855303288    
  0.471115112    
  0.230753720    
  0.649080575    
  0.951641917    
   4.85129356E-02
  0.510616243    
  0.316796362    
  0.948455036    
  0.520863652    
   9.35107470E-03
  0.620371521    
  0.204411983    
  0.991129160    
   3.19577456E-02
  0.313342512    
  0.737281561    
  0.293252826    
  0.987877250    
  0.703033805    
  0.891738236    
  0.453456521    
  0.356691122    
  0.932626367    
  0.758003891    
  0.166289389    
  0.267362595    
  0.230063498    
  0.201647103    
  0.220320106    
  0.171375513    
  0.340268493    
  0.742962718    
   6.60089254E-02
  0.407436550    
  0.515373349    
  0.451289773    
   3.48576903E-02
  0.802494466    
  0.669407427    
   4.18436527E-03
  0.870241463    
  0.717979133    
  0.584127128    
  0.602244854    
  0.336749732    
  0.994645417    
  0.207103014    
  0.623874843    
   4.74032164E-02
  0.472808838    
  0.242448449    
  0.555720866    
  0.912751138    
   5.57742119E-02
   9.41097140E-02
  0.150138617    
  0.445143521    
  0.628272176    
  0.887657821    
  0.124594748    
  0.999074161    
  0.534471512    
  0.676856458    
  0.235182524    
  0.273875594    
  0.609121084    
  0.664018810    
  0.782539248    
  0.669015229    
  0.553029120    
  0.303866863    
  0.581422567    
  0.575486839    
  0.491701663    
